trial 1 --------------
s= 3.05176e-05 acc=  17.1%
s= 6.10352e-05 acc=  17.1%
s= 0.00012207 acc=  17.1%
